{
  "cells": [
    {
      "cell_type": "markdown",
      "metadata": {
        "id": "d56RU_Upyfdx"
      },
      "source": [
        "# Camera Calibration with Gradio UI"
      ]
    },
    {
      "cell_type": "code",
      "execution_count": 1,
      "metadata": {},
      "outputs": [
        {
          "name": "stdout",
          "output_type": "stream",
          "text": [
            "Requirement already satisfied: gradio in ./.venv/lib/python3.11/site-packages (5.44.1)\n",
            "Requirement already satisfied: numpy in ./.venv/lib/python3.11/site-packages (2.2.6)\n",
            "Requirement already satisfied: opencv-python in ./.venv/lib/python3.11/site-packages (4.12.0.88)\n",
            "Requirement already satisfied: matplotlib in ./.venv/lib/python3.11/site-packages (3.10.6)\n",
            "Requirement already satisfied: pytransform3d in ./.venv/lib/python3.11/site-packages (3.14.2)\n",
            "Requirement already satisfied: aiofiles<25.0,>=22.0 in ./.venv/lib/python3.11/site-packages (from gradio) (24.1.0)\n",
            "Requirement already satisfied: anyio<5.0,>=3.0 in ./.venv/lib/python3.11/site-packages (from gradio) (4.10.0)\n",
            "Requirement already satisfied: brotli>=1.1.0 in ./.venv/lib/python3.11/site-packages (from gradio) (1.1.0)\n",
            "Requirement already satisfied: fastapi<1.0,>=0.115.2 in ./.venv/lib/python3.11/site-packages (from gradio) (0.116.1)\n",
            "Requirement already satisfied: ffmpy in ./.venv/lib/python3.11/site-packages (from gradio) (0.6.1)\n",
            "Requirement already satisfied: gradio-client==1.12.1 in ./.venv/lib/python3.11/site-packages (from gradio) (1.12.1)\n",
            "Requirement already satisfied: groovy~=0.1 in ./.venv/lib/python3.11/site-packages (from gradio) (0.1.2)\n",
            "Requirement already satisfied: httpx<1.0,>=0.24.1 in ./.venv/lib/python3.11/site-packages (from gradio) (0.28.1)\n",
            "Requirement already satisfied: huggingface-hub<1.0,>=0.33.5 in ./.venv/lib/python3.11/site-packages (from gradio) (0.34.4)\n",
            "Requirement already satisfied: jinja2<4.0 in ./.venv/lib/python3.11/site-packages (from gradio) (3.1.6)\n",
            "Requirement already satisfied: markupsafe<4.0,>=2.0 in ./.venv/lib/python3.11/site-packages (from gradio) (3.0.2)\n",
            "Requirement already satisfied: orjson~=3.0 in ./.venv/lib/python3.11/site-packages (from gradio) (3.11.3)\n",
            "Requirement already satisfied: packaging in ./.venv/lib/python3.11/site-packages (from gradio) (25.0)\n",
            "Requirement already satisfied: pandas<3.0,>=1.0 in ./.venv/lib/python3.11/site-packages (from gradio) (2.3.2)\n",
            "Requirement already satisfied: pillow<12.0,>=8.0 in ./.venv/lib/python3.11/site-packages (from gradio) (11.3.0)\n",
            "Requirement already satisfied: pydantic<2.12,>=2.0 in ./.venv/lib/python3.11/site-packages (from gradio) (2.11.7)\n",
            "Requirement already satisfied: pydub in ./.venv/lib/python3.11/site-packages (from gradio) (0.25.1)\n",
            "Requirement already satisfied: python-multipart>=0.0.18 in ./.venv/lib/python3.11/site-packages (from gradio) (0.0.20)\n",
            "Requirement already satisfied: pyyaml<7.0,>=5.0 in ./.venv/lib/python3.11/site-packages (from gradio) (6.0.2)\n",
            "Requirement already satisfied: ruff>=0.9.3 in ./.venv/lib/python3.11/site-packages (from gradio) (0.12.11)\n",
            "Requirement already satisfied: safehttpx<0.2.0,>=0.1.6 in ./.venv/lib/python3.11/site-packages (from gradio) (0.1.6)\n",
            "Requirement already satisfied: semantic-version~=2.0 in ./.venv/lib/python3.11/site-packages (from gradio) (2.10.0)\n",
            "Requirement already satisfied: starlette<1.0,>=0.40.0 in ./.venv/lib/python3.11/site-packages (from gradio) (0.47.3)\n",
            "Requirement already satisfied: tomlkit<0.14.0,>=0.12.0 in ./.venv/lib/python3.11/site-packages (from gradio) (0.13.3)\n",
            "Requirement already satisfied: typer<1.0,>=0.12 in ./.venv/lib/python3.11/site-packages (from gradio) (0.17.3)\n",
            "Requirement already satisfied: typing-extensions~=4.0 in ./.venv/lib/python3.11/site-packages (from gradio) (4.15.0)\n",
            "Requirement already satisfied: uvicorn>=0.14.0 in ./.venv/lib/python3.11/site-packages (from gradio) (0.35.0)\n",
            "Requirement already satisfied: fsspec in ./.venv/lib/python3.11/site-packages (from gradio-client==1.12.1->gradio) (2025.9.0)\n",
            "Requirement already satisfied: websockets<16.0,>=10.0 in ./.venv/lib/python3.11/site-packages (from gradio-client==1.12.1->gradio) (15.0.1)\n",
            "Requirement already satisfied: idna>=2.8 in ./.venv/lib/python3.11/site-packages (from anyio<5.0,>=3.0->gradio) (3.10)\n",
            "Requirement already satisfied: sniffio>=1.1 in ./.venv/lib/python3.11/site-packages (from anyio<5.0,>=3.0->gradio) (1.3.1)\n",
            "Requirement already satisfied: certifi in ./.venv/lib/python3.11/site-packages (from httpx<1.0,>=0.24.1->gradio) (2025.8.3)\n",
            "Requirement already satisfied: httpcore==1.* in ./.venv/lib/python3.11/site-packages (from httpx<1.0,>=0.24.1->gradio) (1.0.9)\n",
            "Requirement already satisfied: h11>=0.16 in ./.venv/lib/python3.11/site-packages (from httpcore==1.*->httpx<1.0,>=0.24.1->gradio) (0.16.0)\n",
            "Requirement already satisfied: filelock in ./.venv/lib/python3.11/site-packages (from huggingface-hub<1.0,>=0.33.5->gradio) (3.19.1)\n",
            "Requirement already satisfied: requests in ./.venv/lib/python3.11/site-packages (from huggingface-hub<1.0,>=0.33.5->gradio) (2.32.5)\n",
            "Requirement already satisfied: tqdm>=4.42.1 in ./.venv/lib/python3.11/site-packages (from huggingface-hub<1.0,>=0.33.5->gradio) (4.67.1)\n",
            "Requirement already satisfied: hf-xet<2.0.0,>=1.1.3 in ./.venv/lib/python3.11/site-packages (from huggingface-hub<1.0,>=0.33.5->gradio) (1.1.9)\n",
            "Requirement already satisfied: python-dateutil>=2.8.2 in ./.venv/lib/python3.11/site-packages (from pandas<3.0,>=1.0->gradio) (2.9.0.post0)\n",
            "Requirement already satisfied: pytz>=2020.1 in ./.venv/lib/python3.11/site-packages (from pandas<3.0,>=1.0->gradio) (2025.2)\n",
            "Requirement already satisfied: tzdata>=2022.7 in ./.venv/lib/python3.11/site-packages (from pandas<3.0,>=1.0->gradio) (2025.2)\n",
            "Requirement already satisfied: annotated-types>=0.6.0 in ./.venv/lib/python3.11/site-packages (from pydantic<2.12,>=2.0->gradio) (0.7.0)\n",
            "Requirement already satisfied: pydantic-core==2.33.2 in ./.venv/lib/python3.11/site-packages (from pydantic<2.12,>=2.0->gradio) (2.33.2)\n",
            "Requirement already satisfied: typing-inspection>=0.4.0 in ./.venv/lib/python3.11/site-packages (from pydantic<2.12,>=2.0->gradio) (0.4.1)\n",
            "Requirement already satisfied: click>=8.0.0 in ./.venv/lib/python3.11/site-packages (from typer<1.0,>=0.12->gradio) (8.2.1)\n",
            "Requirement already satisfied: shellingham>=1.3.0 in ./.venv/lib/python3.11/site-packages (from typer<1.0,>=0.12->gradio) (1.5.4)\n",
            "Requirement already satisfied: rich>=10.11.0 in ./.venv/lib/python3.11/site-packages (from typer<1.0,>=0.12->gradio) (14.1.0)\n",
            "Requirement already satisfied: contourpy>=1.0.1 in ./.venv/lib/python3.11/site-packages (from matplotlib) (1.3.3)\n",
            "Requirement already satisfied: cycler>=0.10 in ./.venv/lib/python3.11/site-packages (from matplotlib) (0.12.1)\n",
            "Requirement already satisfied: fonttools>=4.22.0 in ./.venv/lib/python3.11/site-packages (from matplotlib) (4.59.2)\n",
            "Requirement already satisfied: kiwisolver>=1.3.1 in ./.venv/lib/python3.11/site-packages (from matplotlib) (1.4.9)\n",
            "Requirement already satisfied: pyparsing>=2.3.1 in ./.venv/lib/python3.11/site-packages (from matplotlib) (3.2.3)\n",
            "Requirement already satisfied: scipy in ./.venv/lib/python3.11/site-packages (from pytransform3d) (1.16.1)\n",
            "Requirement already satisfied: lxml in ./.venv/lib/python3.11/site-packages (from pytransform3d) (6.0.1)\n",
            "Requirement already satisfied: six>=1.5 in ./.venv/lib/python3.11/site-packages (from python-dateutil>=2.8.2->pandas<3.0,>=1.0->gradio) (1.17.0)\n",
            "Requirement already satisfied: markdown-it-py>=2.2.0 in ./.venv/lib/python3.11/site-packages (from rich>=10.11.0->typer<1.0,>=0.12->gradio) (4.0.0)\n",
            "Requirement already satisfied: pygments<3.0.0,>=2.13.0 in ./.venv/lib/python3.11/site-packages (from rich>=10.11.0->typer<1.0,>=0.12->gradio) (2.19.2)\n",
            "Requirement already satisfied: mdurl~=0.1 in ./.venv/lib/python3.11/site-packages (from markdown-it-py>=2.2.0->rich>=10.11.0->typer<1.0,>=0.12->gradio) (0.1.2)\n",
            "Requirement already satisfied: charset_normalizer<4,>=2 in ./.venv/lib/python3.11/site-packages (from requests->huggingface-hub<1.0,>=0.33.5->gradio) (3.4.3)\n",
            "Requirement already satisfied: urllib3<3,>=1.21.1 in ./.venv/lib/python3.11/site-packages (from requests->huggingface-hub<1.0,>=0.33.5->gradio) (2.5.0)\n",
            "Note: you may need to restart the kernel to use updated packages.\n"
          ]
        }
      ],
      "source": [
        "%pip install gradio numpy opencv-python matplotlib pytransform3d"
      ]
    },
    {
      "cell_type": "code",
      "execution_count": 2,
      "metadata": {
        "id": "r9xUxJuWPGLg"
      },
      "outputs": [
        {
          "name": "stderr",
          "output_type": "stream",
          "text": [
            "/Users/yavanni/Projects/CSE5283/.venv/lib/python3.11/site-packages/tqdm/auto.py:21: TqdmWarning: IProgress not found. Please update jupyter and ipywidgets. See https://ipywidgets.readthedocs.io/en/stable/user_install.html\n",
            "  from .autonotebook import tqdm as notebook_tqdm\n"
          ]
        }
      ],
      "source": [
        "from functools import partial\n",
        "import time\n",
        "import gradio\n",
        "import os\n",
        "import json\n",
        "import numpy as np\n",
        "import cv2 as cv\n",
        "import glob\n",
        "import matplotlib.pyplot as plt\n",
        "import pytransform3d.camera as pc\n",
        "import pytransform3d.transformations as pt\n",
        "import io\n",
        "from pathlib import Path\n",
        "\n",
        "def cv2_imshow(img):\n",
        "    cv.imshow(\"img\", img)\n",
        "    time.sleep(1)\n",
        "    cv.destroyAllWindows()\n",
        "\n",
        "CONTENT_DIR = Path(\".\")\n",
        "\n",
        "try:\n",
        "    import google.collab.patches as patches\n",
        "    cv2_imshow = patches.cv2_imshow\n",
        "    CONTENT_DIR = Path(\"/content\")\n",
        "except:\n",
        "    pass"
      ]
    },
    {
      "cell_type": "markdown",
      "metadata": {
        "id": "t8QVS0J8yXBW"
      },
      "source": [
        "### Camera Calibration"
      ]
    },
    {
      "cell_type": "code",
      "execution_count": 3,
      "metadata": {
        "id": "IqG8IlmNxnUS"
      },
      "outputs": [],
      "source": [
        "image_dir = CONTENT_DIR / \"images\"\n",
        "images = list(image_dir.glob(\"*.jpeg\")) + list(image_dir.glob(\"*.jpg\"))\n",
        "\n",
        "\n",
        "class Calibration:\n",
        "    @staticmethod\n",
        "    def run():\n",
        "        # termination criteria\n",
        "        criteria = (\n",
        "            cv.TERM_CRITERIA_EPS + cv.TERM_CRITERIA_MAX_ITER,\n",
        "            30,\n",
        "            0.001,\n",
        "        )  # 30: max_iter , 0.001 : accuracy\n",
        "\n",
        "        # prepare object points, like (0,0,0), (1,0,0), ..., (6,5,0)\n",
        "        objp = np.zeros((9 * 6, 3), np.float32)  #\n",
        "        objp[:, :2] = np.mgrid[0:9, 0:6].T.reshape(\n",
        "            -1, 2\n",
        "        )  # reshaped to [42,2] only take X and Y\n",
        "\n",
        "\n",
        "        calibration_data = {}\n",
        "\n",
        "        CHECKERBOARD_SIZE = (9, 6)\n",
        "\n",
        "        for fname in images:\n",
        "            # Arrays to store object points and image points from all the images.\n",
        "            objpoints: list[cv.typing.MatLike] = []  # 3d point in real world space [X,Y,Z]\n",
        "            imgpoints: list[cv.typing.MatLike] = []  # 2d points in image plane. [X,Y]\n",
        "\n",
        "            print(fname)\n",
        "            img = cv.imread(str(fname))\n",
        "\n",
        "            if img is None:\n",
        "                print(\"Invalid image\")\n",
        "                continue\n",
        "\n",
        "            gray = cv.cvtColor(img, cv.COLOR_BGR2GRAY)\n",
        "\n",
        "            # Find the chess board corners\n",
        "            ret, corners = cv.findChessboardCorners(gray, CHECKERBOARD_SIZE, None)\n",
        "\n",
        "            # If found, add object points, image points (after refining them)\n",
        "            if ret == True:\n",
        "                objpoints.append(objp)\n",
        "\n",
        "                corners2 = cv.cornerSubPix(gray, corners, (11, 11), (-1, -1), criteria)\n",
        "                imgpoints.append(corners2)\n",
        "\n",
        "                # Draw and display the corners\n",
        "                cv.drawChessboardCorners(img, CHECKERBOARD_SIZE, corners2, ret)\n",
        "                # cv.imshow(\"img\", img)\n",
        "                # cv.waitKey(500)\n",
        "\n",
        "                cv.imwrite(str(CONTENT_DIR / \"output\" / (fname.name + \"_corners.png\")), img)\n",
        "\n",
        "                # Calibration Part\n",
        "                ret, mtx, dist, rvecs, tvecs = cv.calibrateCamera(objpoints, imgpoints, gray.shape[::-1], None, None)  # type: ignore\n",
        "\n",
        "                img = cv.imread(str(fname))\n",
        "\n",
        "                if img is None:\n",
        "                    continue\n",
        "\n",
        "                h, w = img.shape[:2]\n",
        "                # newcameramtx, roi = cv.getOptimalNewCameraMatrix(\n",
        "                #     mtx, dist, (w, h), 0, (w, h)\n",
        "                # )\n",
        "\n",
        "                # dst = cv.undistort(img, mtx, dist, None, newcameramtx)\n",
        "                \n",
        "                # # crop the image\n",
        "                # x, y, w, h = roi\n",
        "                # dst = dst[y:y+h, x:x+w]\n",
        "\n",
        "                # cv.imwrite(str(CONTENT_DIR / \"output\" / (fname.name + \"_undistort.png\")), dst)\n",
        "\n",
        "                # Save results into calibration.json\n",
        "                calibration_data[str(fname)] = (\n",
        "                    {\n",
        "                        \"K\": mtx.tolist(),  # Intrinsic matrix\n",
        "                        \"D\": dist.tolist(),  # Distortion coefficients\n",
        "                        \"R\": [\n",
        "                            cv.Rodrigues(r)[0].tolist() for r in rvecs\n",
        "                        ],  # Convert rvec to rotation matrix\n",
        "                        \"t\": [t.tolist() for t in tvecs],  # Translation vectors\n",
        "                        \"width\": w,\n",
        "                        \"height\": h,\n",
        "                    }\n",
        "                )\n",
        "\n",
        "                mean_error = 0\n",
        "                for i in range(len(objpoints)):\n",
        "                    imgpoints2, _ = cv.projectPoints(\n",
        "                        objpoints[i], rvecs[i], tvecs[i], mtx, dist\n",
        "                    )\n",
        "                    error = cv.norm(imgpoints[i], imgpoints2, cv.NORM_L2) / len(imgpoints2)\n",
        "                    mean_error += error\n",
        "\n",
        "                print(\"total error: {}\".format(mean_error / len(objpoints)))\n",
        "\n",
        "        with open(\"calibration.json\", \"w\") as f:\n",
        "            json.dump(calibration_data, f, indent=2)\n",
        "\n",
        "        return calibration_data"
      ]
    },
    {
      "cell_type": "code",
      "execution_count": 4,
      "metadata": {
        "colab": {
          "base_uri": "https://localhost:8080/",
          "height": 1000
        },
        "id": "cp0spkmeRXrZ",
        "outputId": "decd84a1-ac99-47b0-ed2a-477b6e4c3b00"
      },
      "outputs": [
        {
          "name": "stdout",
          "output_type": "stream",
          "text": [
            "images/IMG_6713.jpg\n",
            "total error: 0.03169090484093545\n",
            "images/IMG_6707.jpg\n",
            "total error: 0.025195708164087352\n",
            "images/IMG_6706.jpg\n",
            "total error: 0.02438504256457315\n",
            "images/IMG_6712.jpg\n",
            "total error: 0.02733515829283164\n",
            "images/IMG_6704.jpg\n",
            "total error: 0.02591630111925812\n",
            "images/IMG_6710.jpg\n",
            "total error: 0.027700642623343395\n",
            "images/IMG_6711.jpg\n",
            "total error: 0.02993629320094708\n",
            "images/IMG_6705.jpg\n",
            "total error: 0.026549450994940303\n",
            "images/IMG_6729.jpg\n",
            "total error: 0.02678475785334184\n",
            "images/IMG_6715.jpg\n",
            "total error: 0.02559616109420546\n",
            "images/IMG_6714.jpg\n",
            "total error: 0.03521515722741326\n",
            "images/IMG_6728.jpg\n",
            "total error: 0.02228891050019366\n",
            "images/IMG_6716.jpg\n",
            "total error: 0.511181482880999\n",
            "images/IMG_6703.jpg\n",
            "total error: 0.02569154678730216\n",
            "images/IMG_6717.jpg\n",
            "total error: 0.029422015166252154\n",
            "images/IMG_6732.jpg\n",
            "total error: 0.02473621818537208\n",
            "images/IMG_6726.jpg\n",
            "total error: 0.024397112243425285\n",
            "images/IMG_6727.jpg\n",
            "total error: 0.025014310560552123\n",
            "images/IMG_6733.jpg\n",
            "total error: 0.02679203189000108\n",
            "images/IMG_6725.jpg\n",
            "total error: 0.02342185094109238\n",
            "images/IMG_6731.jpg\n",
            "total error: 0.027756331510946114\n",
            "images/IMG_6719.jpg\n",
            "total error: 0.02888636585589457\n",
            "images/IMG_6718.jpg\n",
            "total error: 0.03316297275714069\n",
            "images/IMG_6730.jpg\n",
            "total error: 0.02757018184159117\n",
            "images/IMG_6724.jpg\n",
            "total error: 0.023948555113978816\n",
            "images/IMG_6708.jpg\n",
            "total error: 0.024793423973492674\n",
            "images/IMG_6720.jpg\n",
            "total error: 0.029237056882411912\n",
            "images/IMG_6734.jpg\n",
            "total error: 0.027878106946686354\n",
            "images/IMG_6721.jpg\n",
            "total error: 0.028620303766020056\n",
            "images/IMG_6709.jpg\n",
            "total error: 0.03168578717981917\n",
            "images/IMG_6723.jpg\n",
            "total error: 0.029469821099618057\n",
            "images/IMG_6722.jpg\n",
            "total error: 0.02652852587837522\n"
          ]
        },
        {
          "data": {
            "text/plain": [
              "{'images/IMG_6713.jpg': {'K': [[4560.783763372529, 0.0, 2045.3690367197783],\n",
              "   [0.0, 4422.609165630453, 2525.681527817438],\n",
              "   [0.0, 0.0, 1.0]],\n",
              "  'D': [[0.13654462106327991,\n",
              "    0.41577964081884666,\n",
              "    -0.011944484620031106,\n",
              "    -0.006002088858602447,\n",
              "    -2.1135653043136933]],\n",
              "  'R': [[[0.07812704627342244, -0.9545193131457881, -0.2877308559614064],\n",
              "    [0.9461137533196964, -0.019991606260816624, 0.3232168025620412],\n",
              "    [-0.31426888236016554, -0.2974780941696473, 0.9015219648290812]]],\n",
              "  't': [[[4.202976146839139], [-1.998278599109771], [23.67773616515165]]],\n",
              "  'width': 4284,\n",
              "  'height': 5712},\n",
              " 'images/IMG_6707.jpg': {'K': [[3313.174851857412, 0.0, 2350.225979033761],\n",
              "   [0.0, 3271.0445638425467, 2727.7300323696036],\n",
              "   [0.0, 0.0, 1.0]],\n",
              "  'D': [[0.09467335812158202,\n",
              "    0.00609838570344731,\n",
              "    -0.002929013052959047,\n",
              "    0.0046864627871229135,\n",
              "    -0.19183008054840356]],\n",
              "  'R': [[[-0.03761323407384403, -0.9980072084592354, 0.05066415385566566],\n",
              "    [0.9915302611949605, -0.030966085825743433, 0.12613026069617955],\n",
              "    [-0.12431003884304653, 0.05497920872509021, 0.9907190827125535]]],\n",
              "  't': [[[0.07448895459265001], [-2.8515813318459173], [16.469746357075696]]],\n",
              "  'width': 4284,\n",
              "  'height': 5712},\n",
              " 'images/IMG_6706.jpg': {'K': [[4146.99029711219, 0.0, 2187.060226142147],\n",
              "   [0.0, 4133.781705780769, 2842.4203380390104],\n",
              "   [0.0, 0.0, 1.0]],\n",
              "  'D': [[0.14255519520918497,\n",
              "    0.14228974407905248,\n",
              "    0.00013762567230841914,\n",
              "    0.00011828709406239366,\n",
              "    -2.460881672445033]],\n",
              "  'R': [[[-0.05106947419310102, -0.9910781053448326, 0.12311010483196325],\n",
              "    [0.9849000629029189, -0.029561798842694064, 0.17058125964774218],\n",
              "    [-0.1654199954644738, 0.12996264523039258, 0.9776225938189297]]],\n",
              "  't': [[[0.7776191314443737], [-3.3777719684389464], [20.971894258400994]]],\n",
              "  'width': 4284,\n",
              "  'height': 5712},\n",
              " 'images/IMG_6712.jpg': {'K': [[4824.019287339739, 0.0, 2311.474089806127],\n",
              "   [0.0, 4734.494438070097, 2621.782104902812],\n",
              "   [0.0, 0.0, 1.0]],\n",
              "  'D': [[0.2087964208301285,\n",
              "    -0.26433701349615474,\n",
              "    -0.007604680347043589,\n",
              "    0.0031984765866749053,\n",
              "    0.5351518461354403]],\n",
              "  'R': [[[0.07226534691429698, -0.8984364339368375, -0.43311625900006895],\n",
              "    [0.9815907759246062, -0.01291060049051167, 0.19055934774947103],\n",
              "    [-0.17679725183125933, -0.4389137621103181, 0.8809639272836778]]],\n",
              "  't': [[[1.256475211574825], [-2.2543694238642615], [24.470155958171638]]],\n",
              "  'width': 4284,\n",
              "  'height': 5712},\n",
              " 'images/IMG_6704.jpg': {'K': [[3011.446229682361, 0.0, 2494.315052629521],\n",
              "   [0.0, 2971.565421763748, 2918.1839897744817],\n",
              "   [0.0, 0.0, 1.0]],\n",
              "  'D': [[0.07650888839131836,\n",
              "    -0.023407358723481594,\n",
              "    0.0018710256220412758,\n",
              "    0.007128910227846168,\n",
              "    -0.02756569789639114]],\n",
              "  'R': [[[-0.07151071912741121, -0.9859151372463122, 0.15118716611692187],\n",
              "    [0.9899209589964262, -0.051575460947081125, 0.1318956662202808],\n",
              "    [-0.12224038608199876, 0.1590952984116166, 0.9796662564536159]]],\n",
              "  't': [[[-0.7443704799414484], [-3.741856432835276], [15.249558875655591]]],\n",
              "  'width': 4284,\n",
              "  'height': 5712},\n",
              " 'images/IMG_6710.jpg': {'K': [[3630.177120878066, 0.0, 2066.8659847048225],\n",
              "   [0.0, 3620.517296831826, 2923.431946186483],\n",
              "   [0.0, 0.0, 1.0]],\n",
              "  'D': [[0.053945630296085616,\n",
              "    1.2998793208765023,\n",
              "    0.0025112327880462437,\n",
              "    -0.004743698767348673,\n",
              "    -9.098568580107369]],\n",
              "  'R': [[[-0.03131738570377067, -0.9917168579301424, -0.12456682965318938],\n",
              "    [0.9925326898056267, -0.04555593890176156, 0.11315262302742443],\n",
              "    [-0.11789012265617807, -0.12009300615749616, 0.9857380934366727]]],\n",
              "  't': [[[2.4872859743414932], [-3.782042151481261], [17.776875962683214]]],\n",
              "  'width': 4284,\n",
              "  'height': 5712},\n",
              " 'images/IMG_6711.jpg': {'K': [[3806.808247501687, 0.0, 2089.887125598231],\n",
              "   [0.0, 3807.7950699589064, 2916.6987605720874],\n",
              "   [0.0, 0.0, 1.0]],\n",
              "  'D': [[0.048235607624452725,\n",
              "    1.940346978098541,\n",
              "    0.0034303188453101577,\n",
              "    -0.004151981979961854,\n",
              "    -15.134891466510545]],\n",
              "  'R': [[[0.030461335977338532, -0.9713870468303981, -0.2355404684138021],\n",
              "    [0.9928162132065955, 0.0021255087154387863, 0.11963046855553236],\n",
              "    [-0.11570684424264327, -0.23749249980329531, 0.9644735552271975]]],\n",
              "  't': [[[2.3241281499036095], [-4.037646096895072], [18.95964195555455]]],\n",
              "  'width': 4284,\n",
              "  'height': 5712},\n",
              " 'images/IMG_6705.jpg': {'K': [[3102.5399252547845, 0.0, 2429.138502916787],\n",
              "   [0.0, 3070.2357618291458, 2921.360098710939],\n",
              "   [0.0, 0.0, 1.0]],\n",
              "  'D': [[0.08065806758943228,\n",
              "    -0.021580798733870196,\n",
              "    0.0018853042131133078,\n",
              "    0.005889818276921448,\n",
              "    -0.05614230443146716]],\n",
              "  'R': [[[-0.062069793084004704, -0.9893748130123116, 0.1314717466353988],\n",
              "    [0.9895875033049554, -0.04386678918529968, 0.13708493027768442],\n",
              "    [-0.12986113386681158, 0.13861163076533706, 0.9817957535696519]]],\n",
              "  't': [[[-0.48307986920007495], [-3.677083508323148], [15.755768470296772]]],\n",
              "  'width': 4284,\n",
              "  'height': 5712},\n",
              " 'images/IMG_6729.jpg': {'K': [[3794.683996681959, 0.0, 2033.8590371348278],\n",
              "   [0.0, 3801.1693248836855, 2965.67176710146],\n",
              "   [0.0, 0.0, 1.0]],\n",
              "  'D': [[0.032439007293775496,\n",
              "    2.8711630507033306,\n",
              "    0.005664961919259921,\n",
              "    -0.00635242306669971,\n",
              "    -25.80558347942735]],\n",
              "  'R': [[[0.17486345942974502, -0.9270938467576971, -0.3315415054865345],\n",
              "    [0.9470603205312672, 0.06628949199188762, 0.31413763309522624],\n",
              "    [-0.2692573487046833, -0.3689209977155995, 0.889605405566452]]],\n",
              "  't': [[[2.14498683724174], [-4.8212540212290325], [21.452717508922024]]],\n",
              "  'width': 4284,\n",
              "  'height': 5712},\n",
              " 'images/IMG_6715.jpg': {'K': [[3671.1997906900137, 0.0, 2066.8768155351772],\n",
              "   [0.0, 3651.4534917799483, 2906.737653668752],\n",
              "   [0.0, 0.0, 1.0]],\n",
              "  'D': [[0.08644612750666279,\n",
              "    0.5273928513923648,\n",
              "    0.0026160545350576744,\n",
              "    -0.0026926052820356815,\n",
              "    -3.1569630101087593]],\n",
              "  'R': [[[0.014446923713903558, -0.9977672097416342, -0.06520645335852994],\n",
              "    [0.9652621471859636, -0.003098011307976555, 0.2612649795435253],\n",
              "    [-0.2608836399722062, -0.06671579640781587, 0.9630621625339264]]],\n",
              "  't': [[[4.5321105344061925], [-3.91152915118076], [18.650192721371173]]],\n",
              "  'width': 4284,\n",
              "  'height': 5712},\n",
              " 'images/IMG_6714.jpg': {'K': [[4351.106512473373, 0.0, 2051.509012444142],\n",
              "   [0.0, 4288.1126868669, 2674.52081283411],\n",
              "   [0.0, 0.0, 1.0]],\n",
              "  'D': [[0.15796994653776458,\n",
              "    -0.018260815870352776,\n",
              "    -0.004470752277301919,\n",
              "    -0.004138846247947103,\n",
              "    -0.4116371488233722]],\n",
              "  'R': [[[0.04120845352485081, -0.9740054964937753, -0.2227445984934412],\n",
              "    [0.9564964467960962, -0.025985851324396275, 0.2905843815441378],\n",
              "    [-0.2888189928389975, -0.22502894998390877, 0.9305619598095585]]],\n",
              "  't': [[[4.3277187272630595], [-2.978619012784664], [22.490338529117242]]],\n",
              "  'width': 4284,\n",
              "  'height': 5712},\n",
              " 'images/IMG_6728.jpg': {'K': [[3800.2316773360476, 0.0, 1984.216460016275],\n",
              "   [0.0, 3738.0741555383697, 2893.1196337665606],\n",
              "   [0.0, 0.0, 1.0]],\n",
              "  'D': [[0.06003774016907045,\n",
              "    1.2535589278466317,\n",
              "    0.0011724321428869876,\n",
              "    -0.008409255838393527,\n",
              "    -7.148269994321797]],\n",
              "  'R': [[[0.11774797710067918, -0.9555490185308054, -0.2702988847063789],\n",
              "    [0.9534069158788597, 0.032645972178880774, 0.29991581027824527],\n",
              "    [-0.2777600882831415, -0.29301930599417875, 0.9148710399130748]]],\n",
              "  't': [[[2.966215875198411], [-4.318904624783294], [21.2500807880016]]],\n",
              "  'width': 4284,\n",
              "  'height': 5712},\n",
              " 'images/IMG_6716.jpg': {'K': [[19055.500990968507, 0.0, 2181.2270268319567],\n",
              "   [0.0, 19299.637100219825, 2853.5627757886195],\n",
              "   [0.0, 0.0, 1.0]],\n",
              "  'D': [[4.718754961499753,\n",
              "    -148.24496731425614,\n",
              "    0.38374241088968847,\n",
              "    -0.013048058661743923,\n",
              "    -0.4440827905543082]],\n",
              "  'R': [[[0.01956332897445607, -0.9997216681668327, -0.013185687587783906],\n",
              "    [0.9442068318316695, 0.014137019145273535, 0.3290495455278545],\n",
              "    [-0.3287715542467726, -0.01888732081084024, 0.9442205961695339]]],\n",
              "  't': [[[3.0002490457175206], [-3.5782745385709545], [92.46800698408381]]],\n",
              "  'width': 4284,\n",
              "  'height': 5712},\n",
              " 'images/IMG_6703.jpg': {'K': [[4130.1095039027105, 0.0, 2165.2493618156427],\n",
              "   [0.0, 4123.64851606447, 2860.423977694537],\n",
              "   [0.0, 0.0, 1.0]],\n",
              "  'D': [[0.1173254417993375,\n",
              "    0.44759316020103296,\n",
              "    0.0008847710752774961,\n",
              "    0.0002312847930209922,\n",
              "    -3.733682470116552]],\n",
              "  'R': [[[-0.09687042293215853, -0.9686218308610847, 0.22888396610567782],\n",
              "    [0.982066880665366, -0.05564998551556276, 0.18013250959312024],\n",
              "    [-0.1617428918411645, 0.24222887501583704, 0.9566422576111824]]],\n",
              "  't': [[[1.0586988707566203], [-3.3604864124167264], [20.98792231775839]]],\n",
              "  'width': 4284,\n",
              "  'height': 5712},\n",
              " 'images/IMG_6717.jpg': {'K': [[3398.227084191503, 0.0, 2180.6425602523236],\n",
              "   [0.0, 3371.934320277755, 2980.754817695222],\n",
              "   [0.0, 0.0, 1.0]],\n",
              "  'D': [[0.0504719830573299,\n",
              "    0.8406599614688998,\n",
              "    0.003793984001838626,\n",
              "    0.0015324536620831713,\n",
              "    -4.791942682945641]],\n",
              "  'R': [[[-0.03728793297715159, -0.9972296078508976, 0.06436395947916833],\n",
              "    [0.9716505677050639, -0.021133273947489532, 0.2354751770584046],\n",
              "    [-0.23346259728855517, 0.07131966038761632, 0.969746730703165]]],\n",
              "  't': [[[3.686383686176606], [-4.195170808080269], [16.851075269646547]]],\n",
              "  'width': 4284,\n",
              "  'height': 5712},\n",
              " 'images/IMG_6732.jpg': {'K': [[4798.725801414181, 0.0, 2274.7892274461988],\n",
              "   [0.0, 4732.573156100755, 2702.338240660522],\n",
              "   [0.0, 0.0, 1.0]],\n",
              "  'D': [[0.1667799242975517,\n",
              "    0.5207634948296626,\n",
              "    -0.006111076460500025,\n",
              "    0.0046184595622509724,\n",
              "    -4.533970903294431]],\n",
              "  'R': [[[-0.10752932287359276, -0.9693611554933352, 0.22085378634511288],\n",
              "    [0.9906042461268929, -0.08558223719297736, 0.10667196554116362],\n",
              "    [-0.084502498647773, 0.23024906275090692, 0.9694558766775371]]],\n",
              "  't': [[[1.7712322958382012], [-0.04517279015837192], [24.34346361359885]]],\n",
              "  'width': 4284,\n",
              "  'height': 5712},\n",
              " 'images/IMG_6726.jpg': {'K': [[3836.7858638303633, 0.0, 2159.4389761365924],\n",
              "   [0.0, 3831.3522110335957, 2941.5435982565273],\n",
              "   [0.0, 0.0, 1.0]],\n",
              "  'D': [[0.11079343150865721,\n",
              "    -0.19901696998000185,\n",
              "    0.004724655956526594,\n",
              "    -0.001178861691506097,\n",
              "    7.866256220097027]],\n",
              "  'R': [[[-0.01878590535985987, -0.9998234037833384, -0.0005010058977914233],\n",
              "    [0.9529377941991399, -0.018056606202025163, 0.3026276909989275],\n",
              "    [-0.30258329455984134, 0.0052077077072565925, 0.953108718685202]]],\n",
              "  't': [[[2.5474690481235207], [-4.0703938286334385], [21.449966395501693]]],\n",
              "  'width': 4284,\n",
              "  'height': 5712},\n",
              " 'images/IMG_6727.jpg': {'K': [[3685.3179413672565, 0.0, 2067.1022326322704],\n",
              "   [0.0, 3666.03552919773, 2930.4771219432605],\n",
              "   [0.0, 0.0, 1.0]],\n",
              "  'D': [[0.06090100082212392,\n",
              "    1.3803290089288272,\n",
              "    0.005129088330856945,\n",
              "    -0.00494388412200257,\n",
              "    -10.331491554619301]],\n",
              "  'R': [[[0.053692743123849314, -0.9842496559880334, -0.1684330847050972],\n",
              "    [0.9547970378688098, 0.001217095137387234, 0.2972560094537588],\n",
              "    [-0.29236912595686804, -0.1767799009131543, 0.9398240052373384]]],\n",
              "  't': [[[2.4932082330209684], [-3.980681448131296], [20.58611850147904]]],\n",
              "  'width': 4284,\n",
              "  'height': 5712},\n",
              " 'images/IMG_6733.jpg': {'K': [[4544.500208255376, 0.0, 2299.7708533006867],\n",
              "   [0.0, 4453.89316367264, 2701.4227634205286],\n",
              "   [0.0, 0.0, 1.0]],\n",
              "  'D': [[0.1384625441012997,\n",
              "    0.32451073733719354,\n",
              "    -0.004238460891593572,\n",
              "    0.004516890079728575,\n",
              "    -2.4085972340054407]],\n",
              "  'R': [[[-0.16528491224145134, -0.9458181372687267, 0.2794797828087967],\n",
              "    [0.9816741919919949, -0.13052144538889507, 0.13885219865186801],\n",
              "    [-0.09485082267539834, 0.2973082634356303, 0.9500584813213817]]],\n",
              "  't': [[[0.8366237717691349], [-0.04787335010799193], [22.964823234726357]]],\n",
              "  'width': 4284,\n",
              "  'height': 5712},\n",
              " 'images/IMG_6725.jpg': {'K': [[4069.340981150419, 0.0, 2162.912887338322],\n",
              "   [0.0, 4071.8706253649952, 2868.0530144427994],\n",
              "   [0.0, 0.0, 1.0]],\n",
              "  'D': [[0.07144338058720297,\n",
              "    2.3391416345759666,\n",
              "    0.0028060894214031653,\n",
              "    -0.0006293014239464033,\n",
              "    -24.134228960190494]],\n",
              "  'R': [[[-0.027827163592769488, -0.9956306142482194, 0.08913657463743206],\n",
              "    [0.9428404962404808, 0.003481273537252895, 0.3332261685155631],\n",
              "    [-0.3320804836412174, 0.09331431136900743, 0.9386239884417737]]],\n",
              "  't': [[[2.0221842493389786], [-3.8914287978259456], [23.368510447228182]]],\n",
              "  'width': 4284,\n",
              "  'height': 5712},\n",
              " 'images/IMG_6731.jpg': {'K': [[2446.2536991901984, 0.0, 2179.117279275689],\n",
              "   [0.0, 2449.832016620355, 2973.9657931747824],\n",
              "   [0.0, 0.0, 1.0]],\n",
              "  'D': [[0.054079247949924004,\n",
              "    0.03887004840669388,\n",
              "    0.0013853080996120057,\n",
              "    8.089643673686277e-05,\n",
              "    -0.21866466482641125]],\n",
              "  'R': [[[0.011958180116992841, -0.9997093353585942, -0.02093434319885584],\n",
              "    [0.9996403811706915, 0.01144957010361258, 0.024249034565464254],\n",
              "    [-0.024002296998499466, -0.021216789137859328, 0.999486737079325]]],\n",
              "  't': [[[2.4745303133839442], [-1.7742286030020038], [13.198989725978748]]],\n",
              "  'width': 4284,\n",
              "  'height': 5712},\n",
              " 'images/IMG_6719.jpg': {'K': [[3769.8923657306605, 0.0, 2112.245381991451],\n",
              "   [0.0, 3816.00980827547, 3034.278368034664],\n",
              "   [0.0, 0.0, 1.0]],\n",
              "  'D': [[0.04137239148965515,\n",
              "    1.627179418689877,\n",
              "    0.005872066988628015,\n",
              "    0.00012484244237825746,\n",
              "    -10.040048624534338]],\n",
              "  'R': [[[-0.11092166943836176, -0.9744456780291516, 0.1953253793527965],\n",
              "    [0.9566025797707959, -0.05139671848646986, 0.2868272680633431],\n",
              "    [-0.2694585081693749, 0.218664121197625, 0.9378582592673614]]],\n",
              "  't': [[[3.3643920898725184], [-4.442168650090993], [18.830904280199817]]],\n",
              "  'width': 4284,\n",
              "  'height': 5712},\n",
              " 'images/IMG_6718.jpg': {'K': [[3802.2555552653985, 0.0, 2164.8317199459234],\n",
              "   [0.0, 3790.977912407704, 2914.722710463932],\n",
              "   [0.0, 0.0, 1.0]],\n",
              "  'D': [[0.06696410712202734,\n",
              "    1.2515573584410726,\n",
              "    0.0018912597212553256,\n",
              "    0.0007840721205081433,\n",
              "    -8.715858105685026]],\n",
              "  'R': [[[-0.07488135777923936, -0.9873571728863215, 0.13970896680982273],\n",
              "    [0.9635559746504405, -0.03556055476873545, 0.26513266615032455],\n",
              "    [-0.25681251132407323, 0.15447090371481081, 0.954036725673049]]],\n",
              "  't': [[[3.493407356260141], [-4.112043617991109], [18.596693784349256]]],\n",
              "  'width': 4284,\n",
              "  'height': 5712},\n",
